0.1 10 10 2 1 0
0.12 10 10 1 1 0
0.14 10 10 1 1 0
0.16 10 10 1 1 0
0.18 10 10 1 1 0
0.2 10 10 1 1 0
0.22 10 10 1 1 0
0.24 10 10 1 1 0
0.26 10 10 1 1 0
0.28 10 10 1 1 0
0.3 10 10 1 1 0
0.32 10 10 1 1 0
0.34 10 10 1 1 0
0.36 10 10 1 1 0
0.38 10 10 1 1 0
0.4 10 10 1 1 0
0.42 10 10 1 1 0
0.44 10 10 1 1 0
0.46 10 10 1 1 0
0.48 10 10 1 1 0
0.5 10 10 1 1 0
0.52 10 10 1 1 0
0.54 10 10 1 1 0
0.56 10 10 1 1 0
0.58 10 10 1 1 0
0.6 10 10 1 1 0
0.62 10 10 1 1 0
0.64 10 10 1 1 0
0.66 10 10 1 1 0
0.68 10 10 1 1 0
0.7 10 10 1 1 0
0.72 10 10 1 1 0
0.74 10 10 1 1 0
0.76 10 10 1 1 0
0.78 10 10 1 1 0
0.8 10 10 1 1 0
0.82 10 10 1 1 0
0.84 10 10 1 1 0
0.86 10 10 1 1 0
0.88 10 10 1 1 0
0.9 10 10 1 1 0
0.92 10 10 1 1 0
0.94 10 10 1 1 0
0.96 10 10 1 1 0
0.98 10 10 1 1 0
1 10 10 1 1 0
1.02 10 10 1 1 0
1.04 10 10 1 1 0
1.06 10 10 1 1 0
1.08 10 10 1 1 0
1.1 10 10 1 1 0
1.12 10 10 1 1 0
1.14 10 10 1 1 0
1.16 10 10 1 1 0
1.18 10 10 1 1 0
1.2 10 10 1 1 0
1.22 10 10 1 1 0
1.24 10 10 1 1 0
1.26 10 10 1 1 0
1.28 10 10 1 1 0
1.3 10 10 1 1 0
1.32 10 10 1 1 0
1.34 10 10 1 1 0
1.36 10 10 1 1 0
1.38 10 10 1 1 0
1.4 10 10 1 1 0
1.42 10 10 1 1 0
1.44 10 10 1 1 0
1.46 10 10 1 1 0
1.48 10 10 1 1 0
1.5 10 10 1 1 0
1.52 10 10 1 1 0
1.54 10 10 1 1 0
1.56 10 10 1 1 0
1.58 10 10 1 1 0
1.6 10 10 1 1 0
1.62 10 10 1 1 0
1.64 10 10 1 1 0
1.66 10 10 1 1 0
1.68 10 10 1 1 0
1.7 10 10 1 1 0
1.72 10 10 1 1 0
1.74 10 10 1 1 0
1.76 10 10 1 1 0
1.78 10 10 1 1 0
1.8 10 10 1 1 0
1.82 10 10 1 1 0
1.84 10 10 1 1 0
1.86 10 10 1 1 0
1.88 10 10 1 1 0
1.9 10 10 1 1 0
1.92 10 10 1 1 0
1.94 10 10 1 1 0
1.96 10 10 1 1 0
1.98 10 10 1 1 0
2 10 10 2 1 0
2.02 10 10 2 1 0
2.04 10 10 2 1 0
2.06 10 10 2 1 0
2.08 10 10 2 1 0
2.1 10 10 2 1 0
2.12 10 10 2 1 0
2.14 10 10 2 1 0
2.16 10 10 2 1 0
2.18 10 10 2 1 0
2.2 10 10 2 1 0
2.22 10 10 2 1 0
2.24 10 10 2 1 0
2.26 10 10 2 1 0
2.28 10 10 2 1 0
2.3 10 10 2 1 0
2.32 10 10 2 1 0
2.34 10 10 2 1 0
2.36 10 10 2 1 0
2.38 10 10 2 1 0
2.4 10 10 2 1 0
2.42 10 10 2 1 0
2.44 10 10 2 1 0
2.46 10 10 2 1 0
2.48 10 10 2 1 0
2.5 10 10 2 1 0
2.52 10 10 2 1 0
2.54 10 10 2 1 0
2.56 10 10 2 1 0
2.58 10 10 2 1 0
2.6 10 10 2 1 0
2 10 10 2 2 0
2 10.01 10.01 2 2 0
2 10.02 10.02 1 2 0
2.00001 10.04 10.04 1 2 0
2.00002 10.06 10.06 1 2 0
2.00004 10.08 10.08 1 2 0
2.00007 10.1 10.1 1 2 0
2.0001 10.12 10.12 1 2 0
2.00013 10.14 10.14 1 2 0
2.00017 10.16 10.16 1 2 0
2.00022 10.18 10.18 1 2 0
2.00027 10.2 10.2 1 2 0
2.00032 10.22 10.22 1 2 0
2.00038 10.24 10.24 1 2 0
2.00045 10.26 10.26 1 2 0
2.00052 10.28 10.28 1 2 0
2.0006 10.3 10.3 1 2 0
2.00068 10.32 10.32 1 2 0
2.00077 10.34 10.34 1 2 0
2.00086 10.36 10.36 1 2 0
2.00096 10.38 10.38 1 2 0
2.00107 10.4 10.4 1 2 0
2.00118 10.42 10.42 1 2 0
2.00129 10.44 10.44 1 2 0
2.00141 10.46 10.46 1 2 0
2.00154 10.48 10.48 1 2 0
2.00167 10.5 10.5 1 2 0
2.00181 10.52 10.52 1 2 0
2.00195 10.54 10.54 1 2 0
2.00209 10.56 10.56 1 2 0
2.00225 10.58 10.58 1 2 0
2.00241 10.6 10.6 1 2 0
2.00257 10.62 10.62 1 2 0
2.00274 10.64 10.64 1 2 0
2.00291 10.66 10.66 1 2 0
2.00309 10.68 10.68 1 2 0
2.00328 10.7 10.7 1 2 0
2.00347 10.72 10.72 1 2 0
2.00366 10.74 10.74 1 2 0
2.00386 10.76 10.76 1 2 0
2.00407 10.78 10.78 1 2 0
2.00428 10.8 10.8 1 2 0
2.0045 10.82 10.82 1 2 0
2.00472 10.84 10.84 1 2 0
2.00495 10.86 10.86 1 2 0
2.00519 10.88 10.88 1 2 0
2.00543 10.9 10.9 1 2 0
2.00567 10.92 10.92 1 2 0
2.00592 10.94 10.94 1 2 0
2.00618 10.96 10.96 1 2 0
2.00644 10.98 10.98 1 2 0
2.00671 11 11 1 2 0
2.00698 11.02 11.02 1 2 0
2.00726 11.04 11.04 1 2 0
2.00754 11.06 11.06 1 2 0
2.00783 11.08 11.08 1 2 0
2.00813 11.1 11.1 1 2 0
2.00843 11.12 11.12 1 2 0
2.00873 11.14 11.14 1 2 0
2.00904 11.16 11.16 1 2 0
2.00936 11.18 11.18 1 2 0
2.00968 11.1999 11.1999 1 2 0
2.01001 11.2199 11.2199 1 2 0
2.01035 11.2399 11.2399 1 2 0
2.01068 11.2599 11.2599 1 2 0
2.01103 11.2799 11.2799 1 2 0
2.01138 11.2999 11.2999 1 2 0
2.01174 11.3199 11.3199 1 2 0
2.0121 11.3399 11.3399 1 2 0
2.01247 11.3599 11.3599 1 2 0
2.01284 11.3799 11.3799 1 2 0
2.01322 11.3999 11.3999 1 2 0
2.01361 11.4199 11.4199 1 2 0
2.014 11.4399 11.4399 1 2 0
2.01439 11.4599 11.4599 1 2 0
2.0148 11.4799 11.4799 1 2 0
2.0152 11.4999 11.4999 1 2 0
2.01562 11.5199 11.5199 1 2 0
2.01604 11.5399 11.5399 1 2 0
2.01646 11.5599 11.5599 1 2 0
2.01689 11.5799 11.5799 1 2 0
2.01733 11.5999 11.5999 1 2 0
2.01777 11.6199 11.6199 1 2 0
2.01822 11.6399 11.6399 1 2 0
2.01868 11.6599 11.6599 1 2 0
2.01914 11.6799 11.6799 1 2 0
2.0196 11.6998 11.6998 1 2 0
2.02008 11.7198 11.7198 1 2 0
2.02055 11.7398 11.7398 1 2 0
2.02104 11.7598 11.7598 1 2 0
2.02153 11.7798 11.7798 1 2 0
2.02203 11.7998 11.7998 1 2 0
2.02253 11.8198 11.8198 1 2 0
2.02304 11.8398 11.8398 1 2 0
2.02355 11.8598 11.8598 1 2 0
2.02407 11.8798 11.8798 1 2 0
2.0246 11.8998 11.8998 1 2 0
2.02513 11.9198 11.9198 1 2 0
2.02567 11.9398 11.9398 1 2 0
2.02621 11.9598 11.9598 1 2 0
2.02676 11.9798 11.9798 1 2 0
2.02732 11.9997 11.9997 1 2 0
2.02788 12.0197 12.0197 1 2 0
2.02845 12.0397 12.0397 1 2 0
2.02903 12.0597 12.0597 1 2 0
2.02961 12.0797 12.0797 1 2 0
2.03019 12.0997 12.0997 1 2 0
2.03079 12.1197 12.1197 1 2 0
2.03139 12.1397 12.1397 1 2 0
2.032 12.1597 12.1597 1 2 0
2.03261 12.1797 12.1797 1 2 0
2.03323 12.1997 12.1997 1 2 0
2.03385 12.2197 12.2197 1 2 0
2.03448 12.2396 12.2396 1 2 0
2.03512 12.2596 12.2596 1 2 0
2.03577 12.2796 12.2796 1 2 0
2.03642 12.2996 12.2996 1 2 0
2.03707 12.3196 12.3196 1 2 0
2.03774 12.3396 12.3396 1 2 0
2.03841 12.3596 12.3596 1 2 0
2.03909 12.3796 12.3796 1 2 0
2.03977 12.3996 12.3996 1 2 0
2.04046 12.4195 12.4195 1 2 0
2.04116 12.4395 12.4395 1 2 0
2.04186 12.4595 12.4595 1 2 0
2.04257 12.4795 12.4795 1 2 0
2.04328 12.4995 12.4995 1 2 0
2.04401 12.5195 12.5195 1 2 0
2.04474 12.5395 12.5395 1 2 0
2.04547 12.5595 12.5595 1 2 0
2.04622 12.5794 12.5794 1 2 0
2.04697 12.5994 12.5994 1 2 0
2.04772 12.6194 12.6194 1 2 0
2.04849 12.6394 12.6394 1 2 0
2.04926 12.6594 12.6594 1 2 0
2.05003 12.6794 12.6794 1 2 0
2.05082 12.6994 12.6994 1 2 0
2.05161 12.7193 12.7193 1 2 0
2.05241 12.7393 12.7393 1 2 0
2.05321 12.7593 12.7593 1 2 0
2.05402 12.7793 12.7793 1 2 0
2.05484 12.7993 12.7993 1 2 0
2.05567 12.8193 12.8193 1 2 0
2.0565 12.8392 12.8392 1 2 0
2.05734 12.8592 12.8592 1 2 0
2.05819 12.8792 12.8792 1 2 0
2.05904 12.8992 12.8992 1 2 0
2.0599 12.9192 12.9192 1 2 0
2.06077 12.9391 12.9391 1 2 0
2.06165 12.9591 12.9591 1 2 0
2.06253 12.9791 12.9791 1 2 0
2.06342 12.9991 12.9991 1 2 0
2.06432 13.0191 13.0191 1 2 0
2.06523 13.039 13.039 1 2 0
2.06614 13.059 13.059 1 2 0
2.06706 13.079 13.079 1 2 0
2.06799 13.099 13.099 1 2 0
2.06892 13.119 13.119 1 2 0
2.06987 13.1389 13.1389 1 2 0
2.07082 13.1589 13.1589 1 2 0
2.07177 13.1789 13.1789 1 2 0
2.07274 13.1989 13.1989 1 2 0
2.07371 13.2188 13.2188 1 2 0
2.07469 13.2388 13.2388 1 2 0
2.07568 13.2588 13.2588 1 2 0
2.07668 13.2788 13.2788 1 2 0
2.07768 13.2987 13.2987 1 2 0
2.0787 13.3187 13.3187 1 2 0
2.07972 13.3387 13.3387 1 2 0
2.08074 13.3587 13.3587 1 2 0
2.08178 13.3786 13.3786 1 2 0
2.08282 13.3986 13.3986 1 2 0
2.08388 13.4186 13.4186 1 2 0
2.08494 13.4386 13.4386 1 2 0
2.08601 13.4585 13.4585 1 2 0
2.08708 13.4785 13.4785 1 2 0
2.08817 13.4985 13.4985 1 2 0
2.08926 13.5184 13.5184 1 2 0
2.09036 13.5384 13.5384 1 2 0
2.09147 13.5584 13.5584 1 2 0
2.09259 13.5783 13.5783 1 2 0
2.09372 13.5983 13.5983 1 2 0
2.09485 13.6183 13.6183 1 2 0
2.09599 13.6383 13.6383 1 2 0
2.09715 13.6582 13.6582 1 2 0
2.09831 13.6782 13.6782 1 2 0
2.09948 13.6982 13.6982 1 2 0
2.10065 13.7181 13.7181 1 2 0
2.10184 13.7381 13.7381 1 2 0
2.10304 13.758 13.758 1 2 0
2.10424 13.778 13.778 1 2 0
2.10545 13.798 13.798 1 2 0
2.10668 13.8179 13.8179 1 2 0
2.10791 13.8379 13.8379 1 2 0
2.10915 13.8579 13.8579 1 2 0
2.1104 13.8778 13.8778 1 2 0
2.11165 13.8978 13.8978 1 2 0
2.11292 13.9177 13.9177 1 2 0
2.1142 13.9377 13.9377 1 2 0
2.11548 13.9577 13.9577 1 2 0
2.11678 13.9776 13.9776 1 2 0
2.11809 13.9976 13.9976 1 2 0
2.1194 14.0175 14.0175 1 2 0
2.12072 14.0375 14.0375 1 2 0
2.12206 14.0574 14.0574 1 2 0
2.1234 14.0774 14.0774 1 2 0
2.12475 14.0973 14.0973 1 2 0
2.12611 14.1173 14.1173 1 2 0
2.12749 14.1373 14.1373 1 2 0
2.12887 14.1572 14.1572 1 2 0
2.13026 14.1772 14.1772 1 2 0
2.13166 14.1971 14.1971 1 2 0
2.13307 14.2171 14.2171 1 2 0
2.1345 14.237 14.237 1 2 0
2.13593 14.257 14.257 1 2 0
2.13737 14.2769 14.2769 1 2 0
2.13882 14.2969 14.2969 1 2 0
2.14029 14.3168 14.3168 1 2 0
2.14176 14.3367 14.3367 1 2 0
2.14324 14.3567 14.3567 1 2 0
2.14474 14.3766 14.3766 1 2 0
2.14624 14.3966 14.3966 1 2 0
2.14776 14.4165 14.4165 1 2 0
2.14929 14.4365 14.4365 1 2 0
2.15082 14.4564 14.4564 1 2 0
2.15237 14.4763 14.4763 1 2 0
2.15393 14.4963 14.4963 1 2 0
2.1555 14.5162 14.5162 1 2 0
2.15708 14.5362 14.5362 1 2 0
2.15868 14.5561 14.5561 1 2 0
2.16028 14.576 14.576 1 2 0
2.16189 14.596 14.596 1 2 0
2.16352 14.6159 14.6159 1 2 0
2.16516 14.6358 14.6358 1 2 0
2.16681 14.6558 14.6558 1 2 0
2.16847 14.6757 14.6757 1 2 0
2.17014 14.6956 14.6956 1 2 0
2.17183 14.7156 14.7156 1 2 0
2.17352 14.7355 14.7355 1 2 0
2.17523 14.7554 14.7554 1 2 0
2.17695 14.7753 14.7753 1 2 0
2.17869 14.7953 14.7953 1 2 0
2.18043 14.8152 14.8152 1 2 0
2.18219 14.8351 14.8351 1 2 0
2.18396 14.855 14.855 1 2 0
2.18574 14.8749 14.8749 1 2 0
2.18754 14.8949 14.8949 1 2 0
2.18934 14.9148 14.9148 1 2 0
2.19116 14.9347 14.9347 1 2 0
2.193 14.9546 14.9546 1 2 0
2.19484 14.9745 14.9745 1 2 0
2.1967 14.9944 14.9944 1 2 0
2.19858 15.0144 15.0144 1 2 0
2.20046 15.0343 15.0343 1 2 0
2.20236 15.0542 15.0542 1 2 0
2.20427 15.0741 15.0741 1 2 0
2.2062 15.094 15.094 1 2 0
2.20814 15.1139 15.1139 1 2 0
2.21009 15.1338 15.1338 1 2 0
2.21206 15.1537 15.1537 1 2 0
2.21404 15.1736 15.1736 1 2 0
2.21604 15.1935 15.1935 1 2 0
2.21805 15.2134 15.2134 1 2 0
2.22007 15.2333 15.2333 1 2 0
2.22211 15.2532 15.2532 1 2 0
2.22416 15.2731 15.2731 1 2 0
2.22623 15.293 15.293 1 2 0
2.22831 15.3129 15.3129 1 2 0
2.23041 15.3328 15.3328 1 2 0
2.23252 15.3527 15.3527 1 2 0
2.23465 15.3725 15.3725 1 2 0
2.23679 15.3924 15.3924 1 2 0
2.23895 15.4123 15.4123 1 2 0
2.24113 15.4322 15.4322 1 2 0
2.24331 15.4521 15.4521 1 2 0
2.24552 15.472 15.472 1 2 0
2.24774 15.4918 15.4918 1 2 0
2.24998 15.5117 15.5117 1 2 0
2.25223 15.5316 15.5316 1 2 0
2.2545 15.5514 15.5514 1 2 0
2.25679 15.5713 15.5713 1 2 0
2.25909 15.5912 15.5912 1 2 0
2.26141 15.611 15.611 1 2 0
2.26375 15.6309 15.6309 1 2 0
2.2661 15.6508 15.6508 1 2 0
2.26847 15.6706 15.6706 1 2 0
2.27086 15.6905 15.6905 1 2 0
2.27327 15.7103 15.7103 1 2 0
2.27569 15.7302 15.7302 1 2 0
2.27813 15.75 15.75 1 2 0
2.28059 15.7699 15.7699 1 2 0
2.28307 15.7897 15.7897 1 2 0
2.28556 15.8096 15.8096 1 2 0
2.28808 15.8294 15.8294 1 2 0
2.29061 15.8493 15.8493 1 2 0
2.29316 15.8691 15.8691 1 2 0
2.29573 15.8889 15.8889 1 2 0
2.29832 15.9088 15.9088 1 2 0
2.30093 15.9286 15.9286 1 2 0
2.30356 15.9484 15.9484 1 2 0
2.30621 15.9682 15.9682 1 2 0
2.30887 15.9881 15.9881 1 2 0
2.31156 16.0079 16.0079 1 2 0
2.31427 16.0277 16.0277 1 2 0
2.317 16.0475 16.0475 1 2 0
2.31975 16.0673 16.0673 1 2 0
2.32252 16.0871 16.0871 1 2 0
2.32531 16.1069 16.1069 1 2 0
2.32813 16.1267 16.1267 1 2 0
2.33096 16.1465 16.1465 1 2 0
2.33382 16.1663 16.1663 1 2 0
2.33669 16.1861 16.1861 1 2 0
2.33959 16.2059 16.2059 1 2 0
2.34252 16.2257 16.2257 1 2 0
2.34546 16.2455 16.2455 1 2 0
2.34843 16.2653 16.2653 1 2 0
2.35142 16.285 16.285 1 2 0
2.35444 16.3048 16.3048 1 2 0
2.35747 16.3246 16.3246 1 2 0
2.36054 16.3443 16.3443 1 2 0
2.36362 16.3641 16.3641 1 2 0
2.36673 16.3838 16.3838 1 2 0
2.36987 16.4036 16.4036 1 2 0
2.37303 16.4234 16.4234 1 2 0
2.37621 16.4431 16.4431 1 2 0
2.37942 16.4628 16.4628 1 2 0
2.38266 16.4826 16.4826 1 2 0
2.38592 16.5023 16.5023 1 2 0
2.3892 16.522 16.522 1 2 0
2.39252 16.5418 16.5418 1 2 0
2.39586 16.5615 16.5615 1 2 0
2.39923 16.5812 16.5812 1 2 0
2.40262 16.6009 16.6009 1 2 0
2.40604 16.6206 16.6206 1 2 0
2.40949 16.6403 16.6403 1 2 0
2.41297 16.66 16.66 1 2 0
2.41648 16.6797 16.6797 1 2 0
2.42002 16.6994 16.6994 1 2 0
2.42358 16.7191 16.7191 1 2 0
2.42718 16.7387 16.7387 1 2 0
2.4308 16.7584 16.7584 1 2 0
2.43446 16.7781 16.7781 1 2 0
2.43814 16.7977 16.7977 1 2 0
2.44186 16.8174 16.8174 1 2 0
2.4456 16.837 16.837 1 2 0
2.44938 16.8567 16.8567 1 2 0
2.4532 16.8763 16.8763 1 2 0
2.45704 16.8959 16.8959 1 2 0
2.46092 16.9155 16.9155 1 2 0
2.46482 16.9352 16.9352 1 2 0
2.46877 16.9548 16.9548 1 2 0
2.47274 16.9744 16.9744 1 2 0
2.47676 16.994 16.994 1 2 0
2.4808 17.0135 17.0135 1 2 0
2.48488 17.0331 17.0331 1 2 0
2.489 17.0527 17.0527 1 2 0
2.49315 17.0723 17.0723 1 2 0
2.49734 17.0918 17.0918 1 2 0
2.50157 17.1114 17.1114 1 2 0
2.50583 17.1309 17.1309 1 2 0
2.51014 17.1504 17.1504 1 2 0
2.51448 17.17 17.17 1 2 0
2.51886 17.1895 17.1895 1 2 0
2.52327 17.209 17.209 1 2 0
2.52647 17.223 17.223 1 2 0
2.53095 17.2424 17.2424 2 2 0
2.53548 17.2619 17.2619 2 2 0
2.54005 17.2814 17.2814 2 2 0
2.54466 17.3009 17.3009 2 2 0
2.54932 17.3203 17.3203 2 2 0
2.55401 17.3398 17.3398 2 2 0
2.55875 17.3592 17.3592 2 2 0
2.56354 17.3786 17.3786 2 2 0
2.56837 17.398 17.398 2 2 0
2.57324 17.4174 17.4174 2 2 0
2.57816 17.4368 17.4368 2 2 0
2.58312 17.4562 17.4562 2 2 0
2.58814 17.4755 17.4755 2 2 0
2.5932 17.4949 17.4949 2 2 0
2.59831 17.5142 17.5142 2 2 0
2.60347 17.5335 17.5335 2 2 0
2 10 10 2 2 0
2 9.99 9.99 2 2 0
2 9.98 9.98 1 2 0
2.00001 9.96 9.96 1 2 0
2.00002 9.94 9.94 1 2 0
2.00004 9.92 9.92 1 2 0
2.00007 9.9 9.9 1 2 0
2.0001 9.88 9.88 1 2 0
2.00013 9.86 9.86 1 2 0
2.00017 9.84 9.84 1 2 0
2.00022 9.82 9.82 1 2 0
2.00027 9.8 9.8 1 2 0
2.00032 9.78 9.78 1 2 0
2.00038 9.76 9.76 1 2 0
2.00045 9.74 9.74 1 2 0
2.00052 9.72 9.72 1 2 0
2.0006 9.7 9.7 1 2 0
2.00068 9.68 9.68 1 2 0
2.00077 9.66 9.66 1 2 0
2.00086 9.64 9.64 1 2 0
2.00096 9.62 9.62 1 2 0
2.00107 9.6 9.6 1 2 0
2.00118 9.58 9.58 1 2 0
2.00129 9.56 9.56 1 2 0
2.00141 9.54 9.54 1 2 0
2.00154 9.52 9.52 1 2 0
2.00167 9.5 9.5 1 2 0
2.00181 9.48 9.48 1 2 0
2.00195 9.46 9.46 1 2 0
2.00209 9.44001 9.44001 1 2 0
2.00225 9.42001 9.42001 1 2 0
2.00241 9.40001 9.40001 1 2 0
2.00257 9.38001 9.38001 1 2 0
2.00274 9.36001 9.36001 1 2 0
2.00291 9.34001 9.34001 1 2 0
2.00309 9.32001 9.32001 1 2 0
2.00328 9.30001 9.30001 1 2 0
2.00347 9.28001 9.28001 1 2 0
2.00366 9.26001 9.26001 1 2 0
2.00386 9.24001 9.24001 1 2 0
2.00407 9.22001 9.22001 1 2 0
2.00428 9.20002 9.20002 1 2 0
2.0045 9.18002 9.18002 1 2 0
2.00472 9.16002 9.16002 1 2 0
2.00495 9.14002 9.14002 1 2 0
2.00519 9.12002 9.12002 1 2 0
2.00543 9.10002 9.10002 1 2 0
2.00567 9.08002 9.08002 1 2 0
2.00592 9.06002 9.06002 1 2 0
2.00618 9.04003 9.04003 1 2 0
2.00644 9.02003 9.02003 1 2 0
2.00671 9.00003 9.00003 1 2 0
2.00698 8.98003 8.98003 1 2 0
2.00726 8.96003 8.96003 1 2 0
2.00754 8.94004 8.94004 1 2 0
2.00783 8.92004 8.92004 1 2 0
2.00813 8.90004 8.90004 1 2 0
2.00843 8.88004 8.88004 1 2 0
2.00873 8.86004 8.86004 1 2 0
2.00904 8.84005 8.84005 1 2 0
2.00936 8.82005 8.82005 1 2 0
2.00968 8.80005 8.80005 1 2 0
2.01001 8.78005 8.78005 1 2 0
2.01035 8.76006 8.76006 1 2 0
2.01068 8.74006 8.74006 1 2 0
2.01103 8.72006 8.72006 1 2 0
2.01138 8.70007 8.70007 1 2 0
2.01174 8.68007 8.68007 1 2 0
2.0121 8.66007 8.66007 1 2 0
2.01247 8.64008 8.64008 1 2 0
2.01284 8.62008 8.62008 1 2 0
2.01322 8.60008 8.60008 1 2 0
2.01361 8.58009 8.58009 1 2 0
2.014 8.56009 8.56009 1 2 0
2.01439 8.54009 8.54009 1 2 0
2.0148 8.5201 8.5201 1 2 0
2.0152 8.5001 8.5001 1 2 0
2.01562 8.48011 8.48011 1 2 0
2.01604 8.46011 8.46011 1 2 0
2.01646 8.44012 8.44012 1 2 0
2.01689 8.42012 8.42012 1 2 0
2.01733 8.40013 8.40013 1 2 0
2.01777 8.38013 8.38013 1 2 0
2.01822 8.36014 8.36014 1 2 0
2.01868 8.34014 8.34014 1 2 0
2.01914 8.32015 8.32015 1 2 0
2.0196 8.30015 8.30015 1 2 0
2.02008 8.28016 8.28016 1 2 0
2.02055 8.26016 8.26016 1 2 0
2.02104 8.24017 8.24017 1 2 0
2.02153 8.22017 8.22017 1 2 0
2.02203 8.20018 8.20018 1 2 0
2.02253 8.18019 8.18019 1 2 0
2.02304 8.16019 8.16019 1 2 0
2.02355 8.1402 8.1402 1 2 0
2.02407 8.12021 8.12021 1 2 0
2.0246 8.10021 8.10021 1 2 0
2.02513 8.08022 8.08022 1 2 0
2.02567 8.06023 8.06023 1 2 0
2.02621 8.04024 8.04024 1 2 0
2.02676 8.02024 8.02024 1 2 0
2.02732 8.00025 8.00025 1 2 0
2.02788 7.98026 7.98026 1 2 0
2.02845 7.96027 7.96027 1 2 0
2.02903 7.94028 7.94028 1 2 0
2.02961 7.92028 7.92028 1 2 0
2.03019 7.90029 7.90029 1 2 0
2.03079 7.8803 7.8803 1 2 0
2.03139 7.86031 7.86031 1 2 0
2.032 7.84032 7.84032 1 2 0
2.03261 7.82033 7.82033 1 2 0
2.03323 7.80034 7.80034 1 2 0
2.03385 7.78035 7.78035 1 2 0
2.03448 7.76036 7.76036 1 2 0
2.03512 7.74037 7.74037 1 2 0
2.03577 7.72038 7.72038 1 2 0
2.03642 7.70039 7.70039 1 2 0
2.03707 7.6804 7.6804 1 2 0
2.03774 7.66041 7.66041 1 2 0
2.03841 7.64042 7.64042 1 2 0
2.03909 7.62043 7.62043 1 2 0
2.03977 7.60045 7.60045 1 2 0
2.04046 7.58046 7.58046 1 2 0
2.04116 7.56047 7.56047 1 2 0
2.04186 7.54048 7.54048 1 2 0
2.04257 7.52049 7.52049 1 2 0
2.04328 7.50051 7.50051 1 2 0
2.04401 7.48052 7.48052 1 2 0
2.04474 7.46053 7.46053 1 2 0
2.04547 7.44055 7.44055 1 2 0
2.04622 7.42056 7.42056 1 2 0
2.04697 7.40058 7.40058 1 2 0
2.04772 7.38059 7.38059 1 2 0
2.04849 7.3606 7.3606 1 2 0
2.04926 7.34062 7.34062 1 2 0
2.05003 7.32063 7.32063 1 2 0
2.05082 7.30065 7.30065 1 2 0
2.05161 7.28066 7.28066 1 2 0
2.05241 7.26068 7.26068 1 2 0
2.05321 7.2407 7.2407 1 2 0
2.05402 7.22071 7.22071 1 2 0
2.05484 7.20073 7.20073 1 2 0
2.05567 7.18075 7.18075 1 2 0
2.0565 7.16076 7.16076 1 2 0
2.05734 7.14078 7.14078 1 2 0
2.05819 7.1208 7.1208 1 2 0
2.05904 7.10082 7.10082 1 2 0
2.0599 7.08084 7.08084 1 2 0
2.06077 7.06086 7.06086 1 2 0
2.06165 7.04088 7.04088 1 2 0
2.06253 7.02089 7.02089 1 2 0
2.06342 7.00091 7.00091 1 2 0
2.06432 6.98093 6.98093 1 2 0
2.06523 6.96096 6.96096 1 2 0
2.06614 6.94098 6.94098 1 2 0
2.06706 6.921 6.921 1 2 0
2.06799 6.90102 6.90102 1 2 0
2.06892 6.88104 6.88104 1 2 0
2.06987 6.86106 6.86106 1 2 0
2.07082 6.84109 6.84109 1 2 0
2.07177 6.82111 6.82111 1 2 0
2.07274 6.80113 6.80113 1 2 0
2.07371 6.78116 6.78116 1 2 0
2.07469 6.76118 6.76118 1 2 0
2.07568 6.7412 6.7412 1 2 0
2.07668 6.72123 6.72123 1 2 0
2.07768 6.70125 6.70125 1 2 0
2.0787 6.68128 6.68128 1 2 0
2.07972 6.66131 6.66131 1 2 0
2.08074 6.64133 6.64133 1 2 0
2.08178 6.62136 6.62136 1 2 0
2.08282 6.60139 6.60139 1 2 0
2.08388 6.58141 6.58141 1 2 0
2.08494 6.56144 6.56144 1 2 0
2.08601 6.54147 6.54147 1 2 0
2.08708 6.5215 6.5215 1 2 0
2.08817 6.50153 6.50153 1 2 0
2.08926 6.48156 6.48156 1 2 0
2.09036 6.46159 6.46159 1 2 0
2.09147 6.44162 6.44162 1 2 0
2.09259 6.42165 6.42165 1 2 0
2.09372 6.40168 6.40168 1 2 0
2.09485 6.38172 6.38172 1 2 0
2.09599 6.36175 6.36175 1 2 0
2.09715 6.34178 6.34178 1 2 0
2.09831 6.32182 6.32182 1 2 0
2.09948 6.30185 6.30185 1 2 0
2.10065 6.28188 6.28188 1 2 0
2.10184 6.26192 6.26192 1 2 0
2.10304 6.24195 6.24195 1 2 0
2.10424 6.22199 6.22199 1 2 0
2.10545 6.20203 6.20203 1 2 0
2.10668 6.18207 6.18207 1 2 0
2.10791 6.1621 6.1621 1 2 0
2.10915 6.14214 6.14214 1 2 0
2.1104 6.12218 6.12218 1 2 0
2.11165 6.10222 6.10222 1 2 0
2.11292 6.08226 6.08226 1 2 0
2.1142 6.0623 6.0623 1 2 0
2.11548 6.04234 6.04234 1 2 0
2.11678 6.02238 6.02238 1 2 0
2.11809 6.00243 6.00243 1 2 0
2.1194 5.98247 5.98247 1 2 0
2.12072 5.96251 5.96251 1 2 0
2.12206 5.94256 5.94256 1 2 0
2.1234 5.9226 5.9226 1 2 0
2.12475 5.90265 5.90265 1 2 0
2.12611 5.8827 5.8827 1 2 0
2.12749 5.86274 5.86274 1 2 0
2.12887 5.84279 5.84279 1 2 0
2.13026 5.82284 5.82284 1 2 0
2.13166 5.80289 5.80289 1 2 0
2.13307 5.78294 5.78294 1 2 0
2.1345 5.76299 5.76299 1 2 0
2.13593 5.74304 5.74304 1 2 0
2.13737 5.72309 5.72309 1 2 0
2.13882 5.70315 5.70315 1 2 0
2.14029 5.6832 5.6832 1 2 0
2.14176 5.66325 5.66325 1 2 0
2.14324 5.64331 5.64331 1 2 0
2.14474 5.62336 5.62336 1 2 0
2.14624 5.60342 5.60342 1 2 0
2.14776 5.58348 5.58348 1 2 0
2.14929 5.56354 5.56354 1 2 0
2.15082 5.5436 5.5436 1 2 0
2.15237 5.52366 5.52366 1 2 0
2.15393 5.50372 5.50372 1 2 0
2.1555 5.48378 5.48378 1 2 0
2.15708 5.46384 5.46384 1 2 0
2.15868 5.44391 5.44391 1 2 0
2.16028 5.42397 5.42397 1 2 0
2.16189 5.40404 5.40404 1 2 0
2.16352 5.3841 5.3841 1 2 0
2.16516 5.36417 5.36417 1 2 0
2.16681 5.34424 5.34424 1 2 0
2.16847 5.32431 5.32431 1 2 0
2.17014 5.30438 5.30438 1 2 0
2.17183 5.28445 5.28445 1 2 0
2.17352 5.26452 5.26452 1 2 0
2.17523 5.24459 5.24459 1 2 0
2.17695 5.22467 5.22467 1 2 0
2.17869 5.20474 5.20474 1 2 0
2.18043 5.18482 5.18482 1 2 0
2.18219 5.1649 5.1649 1 2 0
2.18396 5.14497 5.14497 1 2 0
2.18574 5.12505 5.12505 1 2 0
2.18754 5.10513 5.10513 1 2 0
2.18934 5.08522 5.08522 1 2 0
2.19116 5.0653 5.0653 1 2 0
2.193 5.04538 5.04538 1 2 0
2.19484 5.02547 5.02547 1 2 0
2.1967 5.00556 5.00556 1 2 0
2.19858 4.98564 4.98564 1 2 0
2.20046 4.96573 4.96573 1 2 0
2.20236 4.94582 4.94582 1 2 0
2.20427 4.92591 4.92591 1 2 0
2.2062 4.90601 4.90601 1 2 0
2.20814 4.8861 4.8861 1 2 0
2.21009 4.8662 4.8662 1 2 0
2.21206 4.84629 4.84629 1 2 0
2.21404 4.82639 4.82639 1 2 0
2.21604 4.80649 4.80649 1 2 0
2.21805 4.78659 4.78659 1 2 0
2.22007 4.7667 4.7667 1 2 0
2.22211 4.7468 4.7468 1 2 0
2.22416 4.72691 4.72691 1 2 0
2.22623 4.70701 4.70701 1 2 0
2.22831 4.68712 4.68712 1 2 0
2.23041 4.66723 4.66723 1 2 0
2.23252 4.64734 4.64734 1 2 0
2.23465 4.62746 4.62746 1 2 0
2.23679 4.60757 4.60757 1 2 0
2.23895 4.58769 4.58769 1 2 0
2.24113 4.56781 4.56781 1 2 0
2.24331 4.54793 4.54793 1 2 0
2.24552 4.52805 4.52805 1 2 0
2.24774 4.50817 4.50817 1 2 0
2.24998 4.4883 4.4883 1 2 0
2.25223 4.46843 4.46843 1 2 0
2.2545 4.44856 4.44856 1 2 0
2.25679 4.42869 4.42869 1 2 0
2.25909 4.40882 4.40882 1 2 0
2.26141 4.38895 4.38895 1 2 0
2.26375 4.36909 4.36909 1 2 0
2.2661 4.34923 4.34923 1 2 0
2.26847 4.32937 4.32937 1 2 0
2.27086 4.30951 4.30951 1 2 0
2.27327 4.28966 4.28966 1 2 0
2.27569 4.26981 4.26981 1 2 0
2.27813 4.24996 4.24996 1 2 0
2.28059 4.23011 4.23011 1 2 0
2.28307 4.21026 4.21026 1 2 0
2.28556 4.19042 4.19042 1 2 0
2.28808 4.17058 4.17058 1 2 0
2.29061 4.15074 4.15074 1 2 0
2.29316 4.1309 4.1309 1 2 0
2.29573 4.11107 4.11107 1 2 0
2.29832 4.09124 4.09124 1 2 0
2.30093 4.07141 4.07141 1 2 0
2.30356 4.05158 4.05158 1 2 0
2.30621 4.03176 4.03176 1 2 0
2.30887 4.01194 4.01194 1 2 0
2.31156 3.99212 3.99212 1 2 0
2.31427 3.9723 3.9723 1 2 0
2.317 3.95249 3.95249 1 2 0
2.31975 3.93268 3.93268 1 2 0
2.32252 3.91287 3.91287 1 2 0
2.32531 3.89307 3.89307 1 2 0
2.32813 3.87327 3.87327 1 2 0
2.33096 3.85347 3.85347 1 2 0
2.33382 3.83367 3.83367 1 2 0
2.33669 3.81388 3.81388 1 2 0
2.33959 3.79409 3.79409 1 2 0
2.34252 3.77431 3.77431 1 2 0
2.34546 3.75452 3.75452 1 2 0
2.34843 3.73475 3.73475 1 2 0
2.35142 3.71497 3.71497 1 2 0
2.35444 3.6952 3.6952 1 2 0
2.35747 3.67543 3.67543 1 2 0
2.36054 3.65567 3.65567 1 2 0
2.36362 3.63591 3.63591 1 2 0
2.36673 3.61615 3.61615 1 2 0
2.36987 3.5964 3.5964 1 2 0
2.37303 3.57665 3.57665 1 2 0
2.37621 3.5569 3.5569 1 2 0
2.37942 3.53716 3.53716 1 2 0
2.38266 3.51743 3.51743 1 2 0
2.38592 3.49769 3.49769 1 2 0
2.3892 3.47797 3.47797 1 2 0
2.39252 3.45824 3.45824 1 2 0
2.39586 3.43852 3.43852 1 2 0
2.39923 3.41881 3.41881 1 2 0
2.40262 3.3991 3.3991 1 2 0
2.40604 3.37939 3.37939 1 2 0
2.40949 3.35969 3.35969 1 2 0
2.41297 3.34 3.34 1 2 0
2.41648 3.32031 3.32031 1 2 0
2.42002 3.30062 3.30062 1 2 0
2.42358 3.28094 3.28094 1 2 0
2.42718 3.26127 3.26127 1 2 0
2.4308 3.2416 3.2416 1 2 0
2.43446 3.22194 3.22194 1 2 0
2.43814 3.20228 3.20228 1 2 0
2.44186 3.18263 3.18263 1 2 0
2.4456 3.16298 3.16298 1 2 0
2.44938 3.14334 3.14334 1 2 0
2.4532 3.12371 3.12371 1 2 0
2.45704 3.10408 3.10408 1 2 0
2.46092 3.08446 3.08446 1 2 0
2.46482 3.06485 3.06485 1 2 0
2.46877 3.04524 3.04524 1 2 0
2.47274 3.02564 3.02564 1 2 0
2.47676 3.00605 3.00605 1 2 0
2.4808 2.98646 2.98646 1 2 0
2.48488 2.96688 2.96688 1 2 0
2.489 2.94731 2.94731 1 2 0
2.49315 2.92775 2.92775 1 2 0
2.49734 2.90819 2.90819 1 2 0
2.50157 2.88864 2.88864 1 2 0
2.50583 2.8691 2.8691 1 2 0
2.51014 2.84957 2.84957 1 2 0
2.51448 2.83005 2.83005 1 2 0
2.51886 2.81053 2.81053 1 2 0
2.52327 2.79102 2.79102 1 2 0
2.52647 2.77704 2.77704 1 2 0
2.53095 2.75755 2.75755 2 2 0
2.53548 2.73807 2.73807 2 2 0
2.54005 2.7186 2.7186 2 2 0
2.54466 2.69914 2.69914 2 2 0
2.54932 2.67969 2.67969 2 2 0
2.55401 2.66025 2.66025 2 2 0
2.55875 2.64082 2.64082 2 2 0
2.56354 2.6214 2.6214 2 2 0
2.56837 2.60199 2.60199 2 2 0
2.57324 2.58259 2.58259 2 2 0
2.57816 2.56321 2.56321 2 2 0
2.58312 2.54383 2.54383 2 2 0
2.58814 2.52447 2.52447 2 2 0
2.5932 2.50512 2.50512 2 2 0
2.59831 2.48579 2.48579 2 2 0
2.60347 2.46646 2.46646 2 2 0
2.52647 17.223 17.223 2 3 0
2.52651 17.1784 17.1784 2 3 0
2.52652 17.1684 17.1684 1 3 0
2.52655 17.1584 17.1584 1 3 0
2.52659 17.1434 17.1434 1 3 0
2.52665 17.1234 17.1234 1 3 0
2.52674 17.1034 17.1034 1 3 0
2.52683 17.0834 17.0834 1 3 0
2.52694 17.0634 17.0634 1 3 0
2.52707 17.0434 17.0434 1 3 0
2.52721 17.0234 17.0234 1 3 0
2.52737 17.0034 17.0034 1 3 0
2.52754 16.9834 16.9834 1 3 0
2.52772 16.9634 16.9634 1 3 0
2.52792 16.9434 16.9434 1 3 0
2.52814 16.9234 16.9234 1 3 0
2.52837 16.9034 16.9034 1 3 0
2.52861 16.8834 16.8834 1 3 0
2.52887 16.8634 16.8634 1 3 0
2.52914 16.8434 16.8434 1 3 0
2.52943 16.8234 16.8234 1 3 0
2.52973 16.8034 16.8034 1 3 0
2.53005 16.7834 16.7834 1 3 0
2.53038 16.7634 16.7634 1 3 0
2.53072 16.7434 16.7434 1 3 0
2.53108 16.7234 16.7234 1 3 0
2.53146 16.7034 16.7034 1 3 0
2.53185 16.6834 16.6834 1 3 0
2.53225 16.6634 16.6634 1 3 0
2.53267 16.6434 16.6434 1 3 0
2.5331 16.6234 16.6234 1 3 0
2.53355 16.6034 16.6034 1 3 0
2.53401 16.5834 16.5834 1 3 0
2.53448 16.5634 16.5634 1 3 0
2.53497 16.5434 16.5434 1 3 0
2.53548 16.5234 16.5234 1 3 0
2.536 16.5034 16.5034 1 3 0
2.53653 16.4834 16.4834 1 3 0
2.53708 16.4635 16.4635 1 3 0
2.53764 16.4435 16.4435 1 3 0
2.53822 16.4235 16.4235 1 3 0
2.53881 16.4035 16.4035 1 3 0
2.53942 16.3835 16.3835 1 3 0
2.54004 16.3635 16.3635 1 3 0
2.54067 16.3435 16.3435 1 3 0
2.54132 16.3235 16.3235 1 3 0
2.54199 16.3035 16.3035 1 3 0
2.54266 16.2835 16.2835 1 3 0
2.54336 16.2636 16.2636 1 3 0
2.54407 16.2436 16.2436 1 3 0
2.54479 16.2236 16.2236 1 3 0
2.54553 16.2036 16.2036 1 3 0
2.54628 16.1836 16.1836 1 3 0
2.54705 16.1636 16.1636 1 3 0
2.54783 16.1436 16.1436 1 3 0
2.54863 16.1237 16.1237 1 3 0
2.54944 16.1037 16.1037 1 3 0
2.55026 16.0837 16.0837 1 3 0
2.5511 16.0637 16.0637 1 3 0
2.55196 16.0437 16.0437 1 3 0
2.55283 16.0237 16.0237 1 3 0
2.55372 16.0038 16.0038 1 3 0
2.55462 15.9838 15.9838 1 3 0
2.55554 15.9638 15.9638 1 3 0
2.55647 15.9438 15.9438 1 3 0
2.55741 15.9238 15.9238 1 3 0
2.55838 15.9039 15.9039 1 3 0
2.55935 15.8839 15.8839 1 3 0
2.56034 15.8639 15.8639 1 3 0
2.56135 15.8439 15.8439 1 3 0
2.56237 15.824 15.824 1 3 0
2.56341 15.804 15.804 1 3 0
2.56447 15.784 15.784 1 3 0
2.56554 15.7641 15.7641 1 3 0
2.56662 15.7441 15.7441 1 3 0
2.56772 15.7241 15.7241 1 3 0
2.56884 15.7041 15.7041 1 3 0
2.56997 15.6842 15.6842 1 3 0
2.57112 15.6642 15.6642 1 3 0
2.57228 15.6442 15.6442 1 3 0
2.57346 15.6243 15.6243 1 3 0
2.57466 15.6043 15.6043 1 3 0
2.57587 15.5843 15.5843 1 3 0
2.57709 15.5644 15.5644 1 3 0
2.57834 15.5444 15.5444 1 3 0
2.5796 15.5245 15.5245 1 3 0
2.58087 15.5045 15.5045 1 3 0
2.58217 15.4845 15.4845 1 3 0
2.58348 15.4646 15.4646 1 3 0
2.5848 15.4446 15.4446 1 3 0
2.58614 15.4247 15.4247 1 3 0
2.5875 15.4047 15.4047 1 3 0
2.58888 15.3848 15.3848 1 3 0
2.59027 15.3648 15.3648 1 3 0
2.59168 15.3449 15.3449 1 3 0
2.5931 15.3249 15.3249 1 3 0
2.59455 15.305 15.305 1 3 0
2.59601 15.285 15.285 1 3 0
2.59749 15.2651 15.2651 1 3 0
2.59898 15.2451 15.2451 1 3 0
2.60049 15.2252 15.2252 1 3 0
2.52647 17.223 17.223 2 3 0
2.52651 17.2679 17.2679 1 3 0
2.52652 17.2779 17.2779 1 3 0
2.52655 17.2879 17.2879 1 3 0
2.52659 17.3029 17.3029 1 3 0
2.52666 17.3229 17.3229 1 3 0
2.52674 17.3429 17.3429 1 3 0
2.52684 17.3629 17.3629 1 3 0
2.52695 17.3829 17.3829 1 3 0
2.52708 17.4029 17.4029 1 3 0
2.52723 17.4229 17.4229 1 3 0
2.52739 17.4429 17.4429 1 3 0
2.52756 17.4629 17.4629 1 3 0
2.52776 17.4829 17.4829 1 3 0
2.52796 17.5029 17.5029 1 3 0
2.52819 17.5229 17.5229 1 3 0
2.52842 17.5429 17.5429 1 3 0
2.52868 17.5629 17.5629 1 3 0
2.52895 17.5829 17.5829 1 3 0
2.52924 17.6029 17.6029 1 3 0
2.52954 17.6229 17.6229 1 3 0
2.52986 17.6429 17.6429 1 3 0
2.53019 17.6629 17.6629 1 3 0
2.53055 17.6829 17.6829 1 3 0
2.53091 17.7029 17.7029 1 3 0
2.5313 17.7229 17.7229 1 3 0
2.5317 17.7429 17.7429 1 3 0
2.53212 17.7629 17.7629 1 3 0
2.53255 17.7828 17.7828 1 3 0
2.533 17.8028 17.8028 1 3 0
2.53347 17.8228 17.8228 1 3 0
2.53396 17.8428 17.8428 1 3 0
2.53446 17.8628 17.8628 1 3 0
2.53498 17.8828 17.8828 1 3 0
2.53552 17.9028 17.9028 1 3 0
2.53607 17.9228 17.9228 1 3 0
2.53664 17.9428 17.9428 1 3 0
2.53723 17.9628 17.9628 1 3 0
2.53784 17.9828 17.9828 1 3 0
2.53846 18.0028 18.0028 1 3 0
2.53911 18.0228 18.0228 1 3 0
2.53977 18.0427 18.0427 1 3 0
2.54045 18.0627 18.0627 1 3 0
2.54114 18.0827 18.0827 1 3 0
2.54186 18.1027 18.1027 1 3 0
2.54259 18.1227 18.1227 1 3 0
2.54335 18.1427 18.1427 1 3 0
2.54412 18.1627 18.1627 1 3 0
2.54491 18.1827 18.1827 1 3 0
2.54572 18.2026 18.2026 1 3 0
2.54655 18.2226 18.2226 1 3 0
2.5474 18.2426 18.2426 1 3 0
2.54826 18.2626 18.2626 1 3 0
2.54915 18.2826 18.2826 1 3 0
2.55006 18.3025 18.3025 1 3 0
2.55099 18.3225 18.3225 1 3 0
2.55193 18.3425 18.3425 1 3 0
2.5529 18.3625 18.3625 1 3 0
2.55389 18.3824 18.3824 1 3 0
2.5549 18.4024 18.4024 1 3 0
2.55593 18.4224 18.4224 1 3 0
2.55698 18.4424 18.4424 1 3 0
2.55805 18.4623 18.4623 1 3 0
2.55915 18.4823 18.4823 1 3 0
2.56026 18.5023 18.5023 1 3 0
2.5614 18.5222 18.5222 1 3 0
2.56256 18.5422 18.5422 1 3 0
2.56374 18.5622 18.5622 1 3 0
2.56494 18.5821 18.5821 1 3 0
2.56617 18.6021 18.6021 1 3 0
2.56742 18.6221 18.6221 1 3 0
2.56869 18.642 18.642 1 3 0
2.56999 18.662 18.662 1 3 0
2.57131 18.6819 18.6819 1 3 0
2.57265 18.7019 18.7019 1 3 0
2.57402 18.7218 18.7218 1 3 0
2.57541 18.7418 18.7418 1 3 0
2.57682 18.7617 18.7617 1 3 0
2.57826 18.7817 18.7817 1 3 0
2.57973 18.8016 18.8016 1 3 0
2.58122 18.8216 18.8216 1 3 0
2.58274 18.8415 18.8415 1 3 0
2.58428 18.8615 18.8615 1 3 0
2.58585 18.8814 18.8814 1 3 0
2.58744 18.9013 18.9013 1 3 0
2.58907 18.9213 18.9213 1 3 0
2.59071 18.9412 18.9412 1 3 0
2.59239 18.9611 18.9611 1 3 0
2.5941 18.9811 18.9811 1 3 0
2.59583 19.001 19.001 1 3 0
2.59759 19.0209 19.0209 1 3 0
2.59938 19.0408 19.0408 1 3 0
2.6012 19.0608 19.0608 1 3 0
2.52647 2.77704 2.77704 2 4 0
2.52659 2.82126 2.82126 1 4 0
2.52666 2.83126 2.83126 1 4 0
2.52673 2.84126 2.84126 1 4 0
2.52687 2.85626 2.85626 1 4 0
2.52709 2.87626 2.87626 1 4 0
2.52737 2.89626 2.89626 1 4 0
2.52769 2.91626 2.91626 1 4 0
2.52806 2.93625 2.93625 1 4 0
2.52848 2.95625 2.95625 1 4 0
2.52895 2.97624 2.97624 1 4 0
2.52947 2.99624 2.99624 1 4 0
2.53003 3.01623 3.01623 1 4 0
2.53064 3.03622 3.03622 1 4 0
2.5313 3.05621 3.05621 1 4 0
2.532 3.0762 3.0762 1 4 0
2.53275 3.09618 3.09618 1 4 0
2.53355 3.11617 3.11617 1 4 0
2.53439 3.13615 3.13615 1 4 0
2.53527 3.15613 3.15613 1 4 0
2.5362 3.17611 3.17611 1 4 0
2.53718 3.19608 3.19608 1 4 0
2.53819 3.21606 3.21606 1 4 0
2.53926 3.23603 3.23603 1 4 0
2.54037 3.256 3.256 1 4 0
2.54152 3.27596 3.27596 1 4 0
2.54271 3.29593 3.29593 1 4 0
2.54395 3.31589 3.31589 1 4 0
2.54523 3.33585 3.33585 1 4 0
2.54655 3.35581 3.35581 1 4 0
2.54792 3.37576 3.37576 1 4 0
2.54933 3.39571 3.39571 1 4 0
2.55078 3.41566 3.41566 1 4 0
2.55228 3.4356 3.4356 1 4 0
2.55381 3.45554 3.45554 1 4 0
2.55539 3.47548 3.47548 1 4 0
2.55701 3.49541 3.49541 1 4 0
2.55867 3.51534 3.51534 1 4 0
2.56038 3.53527 3.53527 1 4 0
2.56212 3.5552 3.5552 1 4 0
2.56391 3.57512 3.57512 1 4 0
2.56574 3.59503 3.59503 1 4 0
2.56761 3.61494 3.61494 1 4 0
2.56952 3.63485 3.63485 1 4 0
2.57147 3.65476 3.65476 1 4 0
2.57347 3.67466 3.67466 1 4 0
2.5755 3.69455 3.69455 1 4 0
2.57758 3.71445 3.71445 1 4 0
2.57969 3.73433 3.73433 1 4 0
2.58185 3.75422 3.75422 1 4 0
2.58405 3.77409 3.77409 1 4 0
2.58629 3.79397 3.79397 1 4 0
2.58857 3.81384 3.81384 1 4 0
2.59089 3.8337 3.8337 1 4 0
2.59325 3.85356 3.85356 1 4 0
2.59566 3.87342 3.87342 1 4 0
2.5981 3.89327 3.89327 1 4 0
2.60059 3.91311 3.91311 1 4 0
2.52647 2.77704 2.77704 2 4 0
2.5266 2.73169 2.73169 1 4 0
2.52667 2.72169 2.72169 1 4 0
2.52675 2.71169 2.71169 1 4 0
2.52689 2.69669 2.69669 1 4 0
2.52713 2.67669 2.67669 1 4 0
2.52742 2.6567 2.6567 1 4 0
2.52777 2.6367 2.6367 1 4 0
2.52817 2.6167 2.6167 1 4 0
2.52862 2.59671 2.59671 1 4 0
2.52914 2.57672 2.57672 1 4 0
2.52971 2.55672 2.55672 1 4 0
2.53034 2.53673 2.53673 1 4 0
2.53102 2.51675 2.51675 1 4 0
2.53177 2.49676 2.49676 1 4 0
2.53258 2.47678 2.47678 1 4 0
2.53344 2.45679 2.45679 1 4 0
2.53437 2.43682 2.43682 1 4 0
2.53536 2.41684 2.41684 1 4 0
2.53641 2.39687 2.39687 1 4 0
2.53752 2.3769 2.3769 1 4 0
2.5387 2.35693 2.35693 1 4 0
2.53995 2.33697 2.33697 1 4 0
2.54126 2.31702 2.31702 1 4 0
2.54264 2.29706 2.29706 1 4 0
2.54408 2.27712 2.27712 1 4 0
2.54559 2.25717 2.25717 1 4 0
2.54718 2.23724 2.23724 1 4 0
2.54883 2.2173 2.2173 1 4 0
2.55056 2.19738 2.19738 1 4 0
2.55236 2.17746 2.17746 1 4 0
2.55423 2.15755 2.15755 1 4 0
2.55618 2.13764 2.13764 1 4 0
2.5582 2.11775 2.11775 1 4 0
2.5603 2.09786 2.09786 1 4 0
2.56248 2.07798 2.07798 1 4 0
2.56474 2.0581 2.0581 1 4 0
2.56708 2.03824 2.03824 1 4 0
2.5695 2.01839 2.01839 1 4 0
2.57201 1.99855 1.99855 1 4 0
2.5746 1.97871 1.97871 1 4 0
2.57728 1.95889 1.95889 1 4 0
2.58004 1.93909 1.93909 1 4 0
2.5829 1.91929 1.91929 1 4 0
2.58584 1.89951 1.89951 1 4 0
2.58888 1.87974 1.87974 1 4 0
2.59201 1.85999 1.85999 1 4 0
2.59524 1.84025 1.84025 1 4 0
2.59857 1.82053 1.82053 1 4 0
2.60199 1.80082 1.80082 1 4 0
